1
2
3
4
6
9
10
11
12
13
14
15
16
17
18
19
20
21
22
23
24
25
117
118
119
120
121
122
123
124
125
128
129
130
133
134
135
136
137
138
139
140
142
150
154
224
340
390
391
490
493
496
497
498
499
501
506
507
584
602
700
716
847
856
862
865
872
876
878
879
880
887
888
889
890
895
896
901
909
912
913
921
923
978
980
1004
1118
1308
2648
2649
2651
2652
2653
2654
2655
2656
2657
2658
2659
2660
2661
2663
2664
2665
2666
2667
2668
2669
2670
2671
2672
2673
2674
2676
2677
2707
4895
4932
4933
4934
4936
4941
4942
4963
4964
6801
6807
13277
13280
13282
13283
13286
13288
13289
13290
13291
14022
14135
15805
16308
19780
19782
19783
19895
19896
19909
19910
21081
21085
21086
21121
21122
21140
21141
21215
21247
25222
25245
25246
25667
25669
25670
26839
27024
27116
27149
27150
27151
27152
27155
27157
27158
